101.108174, 103.221021, 104.222521, 105.594761, 105.875499, 
99.771370, 99.476876, 99.591099, 100.005131, 99.131628, 
100.118108, 99.730933, 98.733281, 95.583540, 94.334909, 
101.591780, 104.708045, 106.764134, 108.572470, 110.528012, 
100.654006, 101.673255, 101.651327, 101.770310, 102.030905, 
99.543830, 98.624179, 98.360533, 99.909092, 101.892958, 
101.071393, 100.565513, 100.451815, 101.428432, 102.443016, 
100.431004, 100.477668, 101.504398, 101.144973, 101.049608, 
100.554316, 102.393589, 102.928266, 103.524504, 102.643866, 
100.282897, 99.928918, 99.191302, 99.644439, 99.510254, 
