000020
000050
000070
000100
000120
000140
000150
000210
000230
000240
000270
000480
000640
000660
000670
000700
000720
000810
000830
000880
000990
001040
001060
001120
001130
001210
001230
001300
001430
001440
001520
001630
001680
001740
001790
001800
001940
002020
002030
002240
002270
002300
002350
002380
002390
002790
003000
003030
003120
003190
003240
003300
003410
003450
003480
003490
003520
003550
003570
003600
003640
003920
003940
004000
004020
004130
004150
004170
004370
004430
004490
004710
004800
004940
004990
005090
005180
005270
005280
005300
005380
005490
005500
005680
005930
005940
006120
006260
006280
006360
006380
006400
006650
006800
007310
007340
007570
008000
008060
008730
008930
009150
009200
009290
009540
009580
009680
009720
009830
010060
010120
010130
010140
010520
010620
010950
011070
011170
011200
011780
011790
011810
012330
012450
012630
012750
014820
014830
015590
015760
016360
016380
016800
017670
017800
017960
018880
019680
020000
021240
023530
024110
025000
025540
025850
025860
028050
028670
029530
029780
030000
030200
032640
033780
034020
034120
034220
035250
035420
036460
036570
037620
042660
042670
047040
047050
051310
051900
051910
053000
055550
064420
064960
066570
067250
068870
069260
069620
069960
071050
077970
078930
084010
085310
086280
086790
090430
091090
093050
093370
096770
097230
097950
100840
103140
103150
103590
104700
105560
108670